*Vertices 100
1 "0"
2 "1"
3 "2"
4 "3"
5 "4"
6 "5"
7 "6"
8 "7"
9 "8"
10 "9"
11 "10"
12 "11"
13 "12"
14 "13"
15 "14"
16 "15"
17 "16"
18 "17"
19 "18"
20 "19"
21 "20"
22 "21"
23 "22"
24 "23"
25 "24"
26 "25"
27 "26"
28 "27"
29 "28"
30 "29"
31 "30"
32 "31"
33 "32"
34 "33"
35 "34"
36 "35"
37 "36"
38 "37"
39 "38"
40 "39"
41 "40"
42 "41"
43 "42"
44 "43"
45 "44"
46 "45"
47 "46"
48 "47"
49 "48"
50 "49"
51 "50"
52 "51"
53 "52"
54 "53"
55 "54"
56 "55"
57 "56"
58 "57"
59 "58"
60 "59"
61 "60"
62 "61"
63 "62"
64 "63"
65 "64"
66 "65"
67 "66"
68 "67"
69 "68"
70 "69"
71 "70"
72 "71"
73 "72"
74 "73"
75 "74"
76 "75"
77 "76"
78 "77"
79 "78"
80 "79"
81 "80"
82 "81"
83 "82"
84 "83"
85 "84"
86 "85"
87 "86"
88 "87"
89 "88"
90 "89"
91 "90"
92 "91"
93 "92"
94 "93"
95 "94"
96 "95"
97 "96"
98 "97"
99 "98"
100 "99"
*Edges
5 6
1 2
1 3
1 4
1 5
2 3
2 4
2 5
3 4
3 5
4 5
10 11
6 7
6 8
6 9
6 10
7 8
7 9
7 10
8 9
8 10
9 10
15 16
11 12
11 13
11 14
11 15
12 13
12 14
12 15
13 14
13 15
14 15
20 21
16 17
16 18
16 19
16 20
17 18
17 19
17 20
18 19
18 20
19 20
25 26
21 22
21 23
21 24
21 25
22 23
22 24
22 25
23 24
23 25
24 25
30 31
26 27
26 28
26 29
26 30
27 28
27 29
27 30
28 29
28 30
29 30
35 36
31 32
31 33
31 34
31 35
32 33
32 34
32 35
33 34
33 35
34 35
40 41
36 37
36 38
36 39
36 40
37 38
37 39
37 40
38 39
38 40
39 40
45 46
41 42
41 43
41 44
41 45
42 43
42 44
42 45
43 44
43 45
44 45
50 51
46 47
46 48
46 49
46 50
47 48
47 49
47 50
48 49
48 50
49 50
55 56
51 52
51 53
51 54
51 55
52 53
52 54
52 55
53 54
53 55
54 55
60 61
56 57
56 58
56 59
56 60
57 58
57 59
57 60
58 59
58 60
59 60
65 66
61 62
61 63
61 64
61 65
62 63
62 64
62 65
63 64
63 65
64 65
70 71
66 67
66 68
66 69
66 70
67 68
67 69
67 70
68 69
68 70
69 70
75 76
71 72
71 73
71 74
71 75
72 73
72 74
72 75
73 74
73 75
74 75
80 81
76 77
76 78
76 79
76 80
77 78
77 79
77 80
78 79
78 80
79 80
85 86
81 82
81 83
81 84
81 85
82 83
82 84
82 85
83 84
83 85
84 85
90 91
86 87
86 88
86 89
86 90
87 88
87 89
87 90
88 89
88 90
89 90
95 96
91 92
91 93
91 94
91 95
92 93
92 94
92 95
93 94
93 95
94 95
96 97
96 98
96 99
96 100
97 98
97 99
97 100
98 99
98 100
99 100
